87 12 64 76 49 90 23 18 4 95 97 39 81 55 9 26 58 41 67 79 60 28 14 40 98 69 71 5 86 24 36 62 44 8 75 82 57 15 35 78 66 25 11 54 83 47 77 17 72 50 345
87 12 64 76 49 90 23 18 4 95 97 39 81 55 9 26 58 41 67 79 60 28 14 40 98 69 71 5 86 24 36 62 44 8 75 82 57 15 35 78 66 25 11 54 83 47 77 17 72
87 12 64 76 49 90 23 18 4 95 97 39 81 55 9 26 58 41 67 79 60 28 14 40 98 69 71 5 86 24 36 62 44 8 75 82 57 15 35 78 66 25 11 54 83 47 77 
87 12 64 76 49 90 23 18 4 95 97 39 81 55 9 26 58 41 67 79 60 28 14 40 98 69 71 5 86 24 36 62 44 8 75 82 57 15 35 78 66 25 11 54 83 
87 12 64 76 49 90 23 18 4 95 97 39 81 55 9 26 58 41 67 79 60 28 14 40 98 69 71 5 86 24 36 62 44 8 75 82 57 15 35 78 66 25 11
87 12 64 76 49 90 23 18 4 95 97 39 81 55 9 26 58 41 67 79 60 28 14 40 98 69 71 5 86 24 36 62 44 8 75 82 57 15 35 78 66
87 12 64 76 49 90 23 18 4 95 97 39 81 55 9 26 58 41 67 79 60 28 14 40 98 69 71 5 86 24 36 62 44 8 75 82 57 15 35
87 12 64 76 49 90 23 18 4 95 97 39 81 55 9 26 58 41 67 79 60 28 14 40 98 69 71 5 86 24 36 62 44 8 75 82 57
87 12 64 76 49 90 23 18 4 95 97 39 81 55 9 26 58 41 67 79 60 28 14 40 98 69 71 5 86 24 36 62 44 8 75
87 12 64 76 49 90 23 18 4 95 97 39 81 55 9 26 58 41 67 79 60 28 14 40 98 69 71 5 86 24 36 62 44
87 12 64 76 49 90 23 18 4 95 97 39 81 55 9 26 58 41 67 79 60 28 14 40 98 69 71 5 86 24 36
87 12 64 76 49 90 23 18 4 95 97 39 81 55 9 26 58 41 67 79 60 28 14 40 98 69 71 5 86
87 12 64 76 49 90 23 18 4 95 97 39 81 55 9 26 58 41 67 79 60 28 14 40 98 69 71
87 12 64 76 49 90 23 18 4 95 97 39 81 55 9 26 58 41 67 79 60 28 14 40 98
87 12 64 76 49 90 23 18 4 95 97 39 81 55 9 26 58 41 67 79 60 28 14
87 12 64 76 49 90 23 18 4 95 97 39 81 55 9 26 58 41 67 79 60
87 12 64 76 49 90 23 18 4 95 97 39 81 55 9 26 58 41 67
87 12 64 76 49 90 23 18 4 95 97 39 81 55 9 26 58
87 12 64 76 49 90 23 18 4 95 97 39 81 55 9
87 12 64 76 49 90 23 18 4 95 97 39 81
87 12 64 76 49 90 23 18 4 95 97
87 12 64 76 49 90 23 18 4
87 12 64 76 49 90 23
87 12 64 76 49
87 12 64